gwas	annotation	beta_10pct	beta_se_10pct	pvalue_10pct	beta_25pct	beta_se_25pct	pvalue_25pct
BMI_Yengo2018	C3_1	-0.2076064	0.13666526	0.93561836	-0.271279	0.179237079	0.934914964
BMI_Yengo2018	C3_10	-0.5610784	0.13743958	0.99997759	-0.537120208	0.181946748	0.998419142
BMI_Yengo2018	C3_11	-0.4332054	0.11909372	0.99986187	-0.382997205	0.149442591	0.9948038
BMI_Yengo2018	C3_12	-0.5576449	0.12589181	0.99999524	-0.386703924	0.163643625	0.990931465
BMI_Yengo2018	C3_13	-0.5822319	0.18523611	0.99916266	-0.450003328	0.258842067	0.958929802
BMI_Yengo2018	C3_14	-0.7257084	0.1103187	1	-0.798803486	0.135519246	0.999999998
BMI_Yengo2018	C3_141	-0.538287	0.1128601	0.99999907	-0.698137121	0.165146266	0.999988104
BMI_Yengo2018	C3_142	-0.9644157	0.13082491	1	-0.838500026	0.176450661	0.999998983
BMI_Yengo2018	C3_143	-0.9007322	0.13153733	1	-0.851967788	0.169241175	0.999999757
BMI_Yengo2018	C3_144	-0.6087675	0.1290375	0.9999988	-0.595840117	0.16958594	0.999778179
BMI_Yengo2018	C3_145	-0.3950366	0.13662934	0.9980788	-0.198031595	0.198681529	0.84054329
BMI_Yengo2018	C3_146	-0.5506567	0.11517004	0.99999912	-0.608483451	0.149126522	0.999977388
BMI_Yengo2018	C3_147	-0.3879684	0.10129171	0.9999357	-0.487213005	0.128262726	0.999926921
BMI_Yengo2018	C3_148	-0.6273196	0.11264722	0.99999999	-0.733362677	0.153034425	0.999999166
BMI_Yengo2018	C3_149	-0.4876472	0.10965208	0.99999562	-0.613610819	0.146660787	0.999985584
BMI_Yengo2018	C3_15	-0.2784639	0.14207873	0.97498791	-0.017122232	0.171175168	0.539838056
BMI_Yengo2018	C3_150	-0.8509551	0.14413034	1	-0.865627886	0.218789751	0.999961774
BMI_Yengo2018	C3_151	-0.6247713	0.11532963	0.99999997	-0.679151196	0.14811808	0.999997713
BMI_Yengo2018	C3_152	-0.6663661	0.12384686	0.99999996	-0.76432069	0.164900316	0.9999982
BMI_Yengo2018	C3_153	-0.7050646	0.14220327	0.99999964	-0.925382753	0.20049469	0.999998022
BMI_Yengo2018	C3_154	-0.8255402	0.12020635	1	-0.82891229	0.153431802	0.999999967
BMI_Yengo2018	C3_155	-0.4285966	0.19882193	0.98443719	-0.538502385	0.270533553	0.976723436
BMI_Yengo2018	C3_156	-0.6502598	0.13283088	0.9999995	-0.559600944	0.186770972	0.998630716
BMI_Yengo2018	C3_16	-0.2229108	0.15319409	0.92716623	-0.019549674	0.191302945	0.540697219
BMI_Yengo2018	C3_17	-0.4328148	0.19020131	0.98855634	-0.494129874	0.215561043	0.98904835
BMI_Yengo2018	C3_18	-0.2163328	0.13958109	0.93940256	-0.156018809	0.164670093	0.828290351
BMI_Yengo2018	C3_19	-0.2237728	0.12986493	0.9575555	-0.078610957	0.152373323	0.697037372
BMI_Yengo2018	C3_2	-0.2490746	0.11869524	0.98205781	-0.381805693	0.148484931	0.994929637
BMI_Yengo2018	C3_20	-0.3543967	0.22183007	0.9449232	-0.264142454	0.267265302	0.83849239
BMI_Yengo2018	C3_21	-0.2553083	0.1543016	0.9509865	-0.06220903	0.183514874	0.632687436
BMI_Yengo2018	C3_3	-0.2452658	0.12647984	0.97374957	-0.214068387	0.15393954	0.917815627
BMI_Yengo2018	C3_4	-0.2319327	0.13704564	0.95470166	-0.140623481	0.169613376	0.796464065
BMI_Yengo2018	C3_5	-0.0687677	0.1140842	0.72666761	-0.04207747	0.142647534	0.615991359
BMI_Yengo2018	C3_6	-0.4008418	0.13119045	0.99887415	-0.465674869	0.160370417	0.998153479
BMI_Yengo2018	C3_7	-0.3223196	0.11954851	0.9964884	-0.435583686	0.146763489	0.998498397
BMI_Yengo2018	C3_8	-0.2572209	0.13517856	0.97145796	-0.005583314	0.176536897	0.512614977
BMI_Yengo2018	C3_9	-0.4207487	0.13716271	0.99891871	-0.420669376	0.171123126	0.993013865
BMI_Yengo2018	C4_1	0.41207076	0.12883804	0.00069259	0.443076073	0.143051804	0.000978353
BMI_Yengo2018	C4_10	0.23347847	0.17319705	0.08883188	-0.001125254	0.205846175	0.50218076
BMI_Yengo2018	C4_100	1.94078347	0.23271758	4.07e-17	2.122191554	0.29860028	6.21e-13
BMI_Yengo2018	C4_101	0.94427694	0.20256283	1.58e-06	0.972408985	0.221562275	5.74e-06
BMI_Yengo2018	C4_102	1.7004723	0.23797814	4.71e-13	1.527263096	0.293545149	9.95e-08
BMI_Yengo2018	C4_103	1.01669344	0.23956481	1.11e-05	1.057823131	0.269808291	4.44e-05
BMI_Yengo2018	C4_104	2.01821531	0.21965021	2.27e-20	1.720341299	0.264386898	3.97e-11
BMI_Yengo2018	C4_105	1.46600158	0.18967688	5.79e-15	1.370268923	0.23079737	1.48e-09
BMI_Yengo2018	C4_106	1.67786509	0.19005526	5.94e-19	1.62861641	0.223933032	1.85e-13
BMI_Yengo2018	C4_107	1.86371518	0.21880735	8.97e-18	1.672000179	0.264258938	1.29e-10
BMI_Yengo2018	C4_108	1.83099398	0.20640593	4.06e-19	1.681140403	0.238199413	8.86e-13
BMI_Yengo2018	C4_109	1.74823512	0.19027035	2.27e-20	1.650951817	0.218370875	2.14e-14
BMI_Yengo2018	C4_11	0.21140165	0.18800754	0.13042459	0.143253513	0.201836722	0.238935657
BMI_Yengo2018	C4_110	1.93188798	0.23551207	1.27e-16	1.632944009	0.283457136	4.27e-09
BMI_Yengo2018	C4_111	1.88887663	0.25871987	1.51e-13	2.077658597	0.294472059	9e-13
BMI_Yengo2018	C4_112	2.15025998	0.21305406	3.6e-24	1.872544365	0.247123405	1.87e-14
BMI_Yengo2018	C4_113	1.40087038	0.23915301	2.4e-09	1.402352289	0.30260737	1.81e-06
BMI_Yengo2018	C4_114	1.28901917	0.25681647	2.63e-07	1.472645252	0.303067573	5.96e-07
BMI_Yengo2018	C4_115	1.15349988	0.21667749	5.17e-08	1.046083446	0.260903884	3.06e-05
BMI_Yengo2018	C4_116	1.20296796	0.16861177	5.09e-13	1.287749694	0.177344992	2.02e-13
BMI_Yengo2018	C4_117	1.55071455	0.17492287	4.28e-19	1.6001316	0.184143124	2.02e-18
BMI_Yengo2018	C4_118	1.26550309	0.14864206	9.27e-18	1.246605918	0.15277611	1.82e-16
BMI_Yengo2018	C4_119	1.18665692	0.17134764	2.27e-12	1.169789602	0.178769078	3.11e-11
BMI_Yengo2018	C4_12	0.0709616	0.15567983	0.32426413	0.127326252	0.166988327	0.22289144
BMI_Yengo2018	C4_120	1.23324369	0.14363079	4.96e-18	1.319967898	0.151359217	1.54e-18
BMI_Yengo2018	C4_121	1.61597901	0.16239843	1.5e-23	1.641686433	0.173516787	1.76e-21
BMI_Yengo2018	C4_122	1.27830182	0.15570996	1.21e-16	1.305827747	0.161922784	3.97e-16
BMI_Yengo2018	C4_123	0.96119616	0.19016995	2.19e-07	1.119627644	0.214107188	8.63e-08
BMI_Yengo2018	C4_124	1.02497649	0.1839651	1.29e-08	1.038710464	0.205173865	2.09e-07
BMI_Yengo2018	C4_125	1.56651076	0.18552805	1.69e-17	1.557049049	0.199340468	3.04e-15
BMI_Yengo2018	C4_126	1.57478888	0.19698601	7.02e-16	1.519209131	0.213510239	5.85e-13
BMI_Yengo2018	C4_127	1.53741621	0.1897801	2.95e-16	1.555405185	0.212379568	1.27e-13
BMI_Yengo2018	C4_128	1.38089948	0.16385846	1.94e-17	1.302596354	0.183728833	7.04e-13
BMI_Yengo2018	C4_129	1.45711755	0.1950582	4.24e-14	1.432080231	0.205932926	1.85e-12
BMI_Yengo2018	C4_13	0.1670372	0.13406498	0.10640326	0.11421816	0.14745813	0.2193004
BMI_Yengo2018	C4_130	1.8661616	0.19850858	3.12e-21	1.667875342	0.228013787	1.36e-13
BMI_Yengo2018	C4_131	1.76220469	0.24862003	7.13e-13	1.654655693	0.292068416	7.48e-09
BMI_Yengo2018	C4_132	2.10147823	0.2598435	3.29e-16	2.042953434	0.30425439	9.79e-12
BMI_Yengo2018	C4_133	1.65495081	0.18391261	1.29e-19	1.509043703	0.210480583	3.95e-13
BMI_Yengo2018	C4_134	1.48678775	0.19554104	1.53e-14	1.332115688	0.218495473	5.55e-10
BMI_Yengo2018	C4_135	0.98172837	0.18426591	5.05e-08	0.903787514	0.209076519	7.76e-06
BMI_Yengo2018	C4_136	1.01894082	0.16188419	1.59e-10	1.020004415	0.173987857	2.33e-09
BMI_Yengo2018	C4_137	2.05070328	0.24118783	1.02e-17	1.803233539	0.27191278	1.72e-11
BMI_Yengo2018	C4_138	1.67160751	0.18118142	1.6e-20	1.579502059	0.206710235	1.15e-14
BMI_Yengo2018	C4_139	1.10544839	0.19766623	1.14e-08	1.044458161	0.228514109	2.45e-06
BMI_Yengo2018	C4_14	0.24251236	0.14617057	0.04855849	0.196267498	0.154808011	0.102443044
BMI_Yengo2018	C4_140	1.99194507	0.28432432	1.28e-12	1.675933493	0.329193068	1.8e-07
BMI_Yengo2018	C4_141	1.46697249	0.18320993	6.33e-16	1.218151404	0.202105334	8.55e-10
BMI_Yengo2018	C4_142	1.22739514	0.22549611	2.66e-08	1.201738896	0.243836828	4.19e-07
BMI_Yengo2018	C4_143	1.31169018	0.19314913	5.79e-12	1.353991263	0.222612332	6.08e-10
BMI_Yengo2018	C4_144	1.39880359	0.16571673	1.73e-17	1.543158304	0.173310245	3.02e-19
BMI_Yengo2018	C4_145	1.50095086	0.21239598	8.3e-13	1.430792475	0.248136076	4.14e-09
BMI_Yengo2018	C4_146	0.88464895	0.17182257	1.33e-07	1.032460047	0.198015646	9.37e-08
BMI_Yengo2018	C4_147	1.57307131	0.24327485	5.19e-11	1.907942077	0.292325328	3.48e-11
BMI_Yengo2018	C4_148	1.25157208	0.18588181	8.62e-12	1.190603709	0.212539432	1.08e-08
BMI_Yengo2018	C4_149	1.36760572	0.16929493	3.55e-16	1.332344078	0.174112921	1.05e-14
BMI_Yengo2018	C4_15	0.11068685	0.19947481	0.28948891	0.326624709	0.240087335	0.086856127
BMI_Yengo2018	C4_150	1.19692962	0.13857071	3.18e-18	1.04558963	0.146125439	4.38e-13
BMI_Yengo2018	C4_151	1.42112641	0.21443422	1.77e-11	1.408140033	0.241741137	2.92e-09
BMI_Yengo2018	C4_152	1.38581849	0.17749326	3.12e-15	1.348816817	0.189514164	5.77e-13
BMI_Yengo2018	C4_153	2.11580763	0.24868412	9.74e-18	2.209456645	0.295909858	4.36e-14
BMI_Yengo2018	C4_154	2.35994074	0.28505682	6.78e-17	2.043677425	0.341945311	1.17e-09
BMI_Yengo2018	C4_155	2.0634168	0.26348167	2.59e-15	2.257323959	0.310096429	1.77e-13
BMI_Yengo2018	C4_156	1.07031916	0.16592977	5.76e-11	1.151170813	0.18154758	1.18e-10
BMI_Yengo2018	C4_157	1.80119269	0.23624327	1.31e-14	1.751983962	0.262383865	1.26e-11
BMI_Yengo2018	C4_158	1.12229437	0.15180057	7.57e-14	1.110258636	0.162270658	4.07e-12
BMI_Yengo2018	C4_159	1.5766553	0.21164771	4.96e-14	1.623032458	0.228387729	6.24e-13
BMI_Yengo2018	C4_16	0.41181543	0.17376946	0.0089033	0.382566126	0.196159444	0.02558126
BMI_Yengo2018	C4_160	1.32186851	0.16039504	9.27e-17	1.330967416	0.170624845	3.3e-15
BMI_Yengo2018	C4_161	0.63370421	0.18154837	0.00024175	0.863880727	0.197545601	6.17e-06
BMI_Yengo2018	C4_162	0.54995648	0.17309762	0.00074528	0.756921503	0.185366727	2.23e-05
BMI_Yengo2018	C4_163	1.24850535	0.21887495	5.96e-09	1.475328124	0.25335032	2.95e-09
BMI_Yengo2018	C4_164	1.56798285	0.20110316	3.4e-15	1.438541355	0.223831313	6.72e-11
BMI_Yengo2018	C4_165	0.5695852	0.20686967	0.00295322	0.70181468	0.214764821	0.000543186
BMI_Yengo2018	C4_166	0.19160137	0.17951682	0.14292354	0.275300018	0.190986916	0.07473856
BMI_Yengo2018	C4_167	0.82488587	0.14908718	1.6e-08	0.905092502	0.155615301	3.08e-09
BMI_Yengo2018	C4_168	0.59876207	0.20817388	0.00201513	0.676742299	0.243148999	0.002694548
BMI_Yengo2018	C4_169	0.78307115	0.1961438	3.29e-05	1.049371007	0.226987674	1.91e-06
BMI_Yengo2018	C4_17	0.41534153	0.16730359	0.00652789	0.46308613	0.184202653	0.005974026
BMI_Yengo2018	C4_170	0.28511093	0.16951676	0.04630488	0.284147991	0.190304639	0.067713936
BMI_Yengo2018	C4_171	0.69125686	0.20257441	0.00032293	0.569716555	0.223825287	0.005463531
BMI_Yengo2018	C4_172	-0.04315	0.19870187	0.58595649	-0.02535504	0.215576857	0.546812738
BMI_Yengo2018	C4_173	0.8308929	0.22448826	0.00010767	1.079278006	0.244508903	5.11e-06
BMI_Yengo2018	C4_174	0.76570767	0.18747532	2.22e-05	0.796576449	0.199882179	3.39e-05
BMI_Yengo2018	C4_175	1.04212377	0.17533248	1.43e-09	1.01839425	0.188582608	3.38e-08
BMI_Yengo2018	C4_176	0.9091767	0.24421454	9.89e-05	0.914952427	0.287924276	0.000743718
BMI_Yengo2018	C4_177	0.98362355	0.21209683	1.78e-06	1.147440567	0.228683064	2.65e-07
BMI_Yengo2018	C4_178	1.0593839	0.15546255	4.93e-12	1.131170371	0.165507233	4.28e-12
BMI_Yengo2018	C4_179	1.10966758	0.16819365	2.17e-11	1.213445907	0.177161456	3.86e-12
BMI_Yengo2018	C4_18	0.22890559	0.1789249	0.10039948	0.342286579	0.205916768	0.048241832
BMI_Yengo2018	C4_180	0.74208998	0.17992385	1.87e-05	0.767345882	0.189390723	2.56e-05
BMI_Yengo2018	C4_181	1.03567825	0.20042433	1.2e-07	1.168471864	0.212866104	2.05e-08
BMI_Yengo2018	C4_182	0.99276173	0.19855911	2.9e-07	1.047777411	0.211332221	3.6e-07
BMI_Yengo2018	C4_183	1.02065897	0.21825262	1.47e-06	0.96706737	0.236770837	2.22e-05
BMI_Yengo2018	C4_184	0.39631846	0.21284866	0.03131392	0.537411473	0.236650578	0.011583865
BMI_Yengo2018	C4_185	0.9643009	0.20828126	1.85e-06	0.782750662	0.235257595	0.000439737
BMI_Yengo2018	C4_186	0.73062607	0.20499708	0.00018317	0.778752234	0.227723659	0.000314317
BMI_Yengo2018	C4_187	0.66603629	0.19644875	0.00034994	0.752420431	0.216064013	0.000249233
BMI_Yengo2018	C4_188	0.99694731	0.19014892	8.02e-08	1.151712648	0.21665478	5.39e-08
BMI_Yengo2018	C4_189	1.2279665	0.21299195	4.16e-09	1.359754043	0.237854565	5.54e-09
BMI_Yengo2018	C4_19	0.22188277	0.16495548	0.08930624	0.170365731	0.181053559	0.173368573
BMI_Yengo2018	C4_190	1.01589887	0.21256433	8.89e-07	1.085996302	0.238861023	2.75e-06
BMI_Yengo2018	C4_191	0.80069011	0.18392344	6.75e-06	0.793435659	0.205747836	5.78e-05
BMI_Yengo2018	C4_192	0.76294105	0.19233951	3.66e-05	0.736356636	0.220604656	0.000423169
BMI_Yengo2018	C4_193	0.94653595	0.2219586	1.01e-05	1.213874957	0.245960122	4.05e-07
BMI_Yengo2018	C4_194	0.77795731	0.17973083	7.56e-06	0.784377202	0.196691067	3.35e-05
BMI_Yengo2018	C4_195	0.50014532	0.15624035	0.00068598	0.535154538	0.183196151	0.001746156
BMI_Yengo2018	C4_196	1.20239959	0.21179469	6.98e-09	1.164477887	0.232479601	2.77e-07
BMI_Yengo2018	C4_197	1.09576798	0.21105767	1.06e-07	1.097410717	0.22167189	3.74e-07
BMI_Yengo2018	C4_198	1.09952485	0.16979595	4.88e-11	1.173288303	0.178042507	2.28e-11
BMI_Yengo2018	C4_199	0.95242195	0.20330565	1.42e-06	1.050620255	0.216445516	6.12e-07
BMI_Yengo2018	C4_2	0.67961608	0.20561007	0.00047546	0.753610029	0.229774096	0.000520697
BMI_Yengo2018	C4_20	0.36048991	0.17040011	0.01720037	0.440140515	0.185919448	0.008964218
BMI_Yengo2018	C4_200	1.27439884	0.18612418	3.93e-12	1.243764891	0.203221939	4.8e-10
BMI_Yengo2018	C4_201	1.28762585	0.25214829	1.66e-07	1.447999803	0.291216137	3.35e-07
BMI_Yengo2018	C4_202	1.25985233	0.2131452	1.74e-09	1.317685456	0.226601657	3.1e-09
BMI_Yengo2018	C4_203	1.23263113	0.16207661	1.51e-14	1.2696728	0.173436019	1.3e-13
BMI_Yengo2018	C4_204	0.67327375	0.18687125	0.0001579	0.768952205	0.198828732	5.52e-05
BMI_Yengo2018	C4_205	0.93279277	0.21425346	6.74e-06	1.009553336	0.237595479	1.08e-05
BMI_Yengo2018	C4_206	1.25561465	0.19718011	9.88e-11	1.320266775	0.210659615	1.89e-10
BMI_Yengo2018	C4_207	0.75891838	0.18924097	3.05e-05	0.82092916	0.209882277	4.61e-05
BMI_Yengo2018	C4_208	1.07779614	0.18080485	1.28e-09	1.082950525	0.198497086	2.48e-08
BMI_Yengo2018	C4_209	1.14020675	0.17012057	1.06e-11	1.18705375	0.182809111	4.34e-11
BMI_Yengo2018	C4_21	0.33296358	0.17357002	0.02754511	0.320758163	0.191035496	0.046582306
BMI_Yengo2018	C4_210	1.08444069	0.15858107	4.17e-12	1.108340835	0.165101489	9.89e-12
BMI_Yengo2018	C4_211	1.18597554	0.22569243	7.52e-08	1.385609327	0.250375382	1.59e-08
BMI_Yengo2018	C4_212	0.76370217	0.18284081	1.49e-05	0.866953083	0.196924314	5.39e-06
BMI_Yengo2018	C4_213	0.81070628	0.16890218	8.02e-07	0.841208164	0.181670208	1.84e-06
BMI_Yengo2018	C4_214	0.61158616	0.19251181	0.00074597	0.82748304	0.214757649	5.86e-05
BMI_Yengo2018	C4_215	1.08838272	0.17586333	3.12e-10	1.16947806	0.186097755	1.7e-10
BMI_Yengo2018	C4_216	0.75183135	0.19007529	3.84e-05	0.912521057	0.205470732	4.51e-06
BMI_Yengo2018	C4_217	0.75148094	0.17960279	1.44e-05	0.893297241	0.201751403	4.8e-06
BMI_Yengo2018	C4_218	0.77450677	0.16509731	1.37e-06	0.896265836	0.175530344	1.67e-07
BMI_Yengo2018	C4_219	0.58424632	0.17427229	0.0004015	0.78898032	0.186179228	1.14e-05
BMI_Yengo2018	C4_22	0.8748084	0.21328422	2.06e-05	0.862613288	0.244633386	0.000211501
BMI_Yengo2018	C4_220	0.68072442	0.15427847	5.15e-06	0.891432497	0.166875231	4.67e-08
BMI_Yengo2018	C4_221	0.42904805	0.15009866	0.00213179	0.649559641	0.160908254	2.72e-05
BMI_Yengo2018	C4_222	0.83522479	0.18263737	2.42e-06	0.92446927	0.201177874	2.18e-06
BMI_Yengo2018	C4_223	0.92421513	0.20800166	4.46e-06	0.930857843	0.222215687	1.41e-05
BMI_Yengo2018	C4_224	0.8024441	0.1806877	4.51e-06	0.87331836	0.1902782	2.24e-06
BMI_Yengo2018	C4_225	0.9110289	0.18532267	4.47e-07	0.972190173	0.196911968	4.01e-07
BMI_Yengo2018	C4_226	0.85454694	0.2354136	0.00014223	0.961342253	0.260117339	0.000110015
BMI_Yengo2018	C4_227	0.89805815	0.18085118	3.46e-07	0.833034727	0.191157047	6.61e-06
BMI_Yengo2018	C4_228	0.81132588	0.18288517	4.61e-06	0.8359965	0.193829094	8.11e-06
BMI_Yengo2018	C4_229	1.04376607	0.19271857	3.1e-08	1.095999492	0.205138593	4.65e-08
BMI_Yengo2018	C4_23	0.12400786	0.17667425	0.24137624	0.076948706	0.191099427	0.343601081
BMI_Yengo2018	C4_230	0.77996683	0.17632906	4.9e-06	0.930690423	0.19999562	1.65e-06
BMI_Yengo2018	C4_231	0.71159095	0.22339753	0.00072457	0.975632299	0.246842984	3.89e-05
BMI_Yengo2018	C4_232	1.64187845	0.25172738	3.58e-11	1.574147364	0.279001562	8.56e-09
BMI_Yengo2018	C4_233	0.8961591	0.23183789	5.57e-05	0.765845891	0.246596179	0.000951145
BMI_Yengo2018	C4_234	0.12228902	0.16098277	0.22374116	0.144841021	0.171977482	0.199842624
BMI_Yengo2018	C4_235	0.48879514	0.16404293	0.00144523	0.448248132	0.175896541	0.005416793
BMI_Yengo2018	C4_236	0.76410012	0.20580021	0.00010288	0.842284027	0.223329809	8.15e-05
BMI_Yengo2018	C4_237	1.18035154	0.23792326	3.55e-07	1.535701668	0.267160668	4.6e-09
BMI_Yengo2018	C4_238	0.70442311	0.20514485	0.00029847	0.968635063	0.23069359	1.35e-05
BMI_Yengo2018	C4_239	0.67682213	0.18722697	0.00015071	0.977838567	0.211888761	1.98e-06
BMI_Yengo2018	C4_24	0.24829035	0.22204578	0.13175158	0.574937599	0.274601962	0.018151769
BMI_Yengo2018	C4_240	-0.0745492	0.19528487	0.64867211	0.233266453	0.214478896	0.13839605
BMI_Yengo2018	C4_241	-0.1719329	0.18962157	0.81771366	0.063321769	0.208942528	0.380924966
BMI_Yengo2018	C4_242	0.63440726	0.23478428	0.00344945	0.955609727	0.263937273	0.000147483
BMI_Yengo2018	C4_243	0.90453278	0.21133977	9.41e-06	0.951719421	0.242017497	4.22e-05
BMI_Yengo2018	C4_244	0.46883079	0.19245978	0.00743167	0.598872505	0.212092068	0.002377408
BMI_Yengo2018	C4_245	0.11072208	0.1720346	0.25992155	0.243539154	0.186261066	0.095529658
BMI_Yengo2018	C4_246	0.46781347	0.20754536	0.01210484	0.571320263	0.2299957	0.006500728
BMI_Yengo2018	C4_247	0.76885292	0.16340006	1.28e-06	0.892865788	0.17279654	1.2e-07
BMI_Yengo2018	C4_248	0.44737116	0.14832839	0.0012826	0.650763004	0.158270304	1.97e-05
BMI_Yengo2018	C4_249	0.7871875	0.19455399	2.62e-05	0.834207363	0.207978419	3.04e-05
BMI_Yengo2018	C4_25	0.73254867	0.22377198	0.00053215	0.662053931	0.24044834	0.002952663
BMI_Yengo2018	C4_250	0.91644006	0.18090287	2.06e-07	1.114841829	0.193881484	4.55e-09
BMI_Yengo2018	C4_251	1.25707793	0.20215937	2.59e-10	1.302825712	0.211731766	3.9e-10
BMI_Yengo2018	C4_252	0.77973719	0.16411897	1.02e-06	0.781312354	0.173937516	3.56e-06
BMI_Yengo2018	C4_253	0.62403258	0.15730311	3.66e-05	0.766206227	0.168039302	2.58e-06
BMI_Yengo2018	C4_254	0.66754515	0.17425939	6.42e-05	0.771318861	0.187073925	1.88e-05
BMI_Yengo2018	C4_255	0.58437206	0.1612545	0.0001456	0.749676388	0.176752819	1.12e-05
BMI_Yengo2018	C4_256	0.9598292	0.16500976	3.06e-09	1.004260532	0.176343662	6.3e-09
BMI_Yengo2018	C4_257	0.92062005	0.19340109	9.77e-07	0.992866156	0.203324498	5.28e-07
BMI_Yengo2018	C4_258	0.6459763	0.16821282	6.17e-05	0.662220949	0.180385726	0.000121185
BMI_Yengo2018	C4_259	0.13006786	0.13463053	0.16700298	0.218404544	0.144602384	0.065484538
BMI_Yengo2018	C4_26	0.22062751	0.15442109	0.07655072	0.332306017	0.179863366	0.0323445
BMI_Yengo2018	C4_260	0.89540068	0.18346453	5.35e-07	0.885215694	0.203812796	7.07e-06
BMI_Yengo2018	C4_261	1.24685279	0.21042211	1.59e-09	1.308257065	0.245205623	4.84e-08
BMI_Yengo2018	C4_262	1.14444182	0.18237124	1.8e-10	1.150137106	0.202024035	6.36e-09
BMI_Yengo2018	C4_263	0.86346385	0.19966009	7.69e-06	0.953839803	0.213308318	3.91e-06
BMI_Yengo2018	C4_264	1.09741649	0.16822917	3.56e-11	1.111976914	0.184528765	8.61e-10
BMI_Yengo2018	C4_265	1.11039673	0.18157188	4.94e-10	1.164730327	0.190916821	5.42e-10
BMI_Yengo2018	C4_266	1.45145465	0.19097894	1.57e-14	1.623726687	0.211793637	9.41e-15
BMI_Yengo2018	C4_267	1.12175512	0.21338666	7.43e-08	1.087803643	0.247044836	5.37e-06
BMI_Yengo2018	C4_268	1.12526578	0.2105331	4.6e-08	1.155258279	0.233448469	3.78e-07
BMI_Yengo2018	C4_269	0.87044996	0.20506454	1.1e-05	0.886434829	0.231774638	6.58e-05
BMI_Yengo2018	C4_27	0.53388859	0.21463131	0.00643857	0.629256154	0.245011905	0.00511555
BMI_Yengo2018	C4_270	1.57032567	0.24390556	6.24e-11	1.500866283	0.280043444	4.24e-08
BMI_Yengo2018	C4_271	1.62817097	0.20364793	6.98e-16	1.692289827	0.221739659	1.23e-14
BMI_Yengo2018	C4_272	0.88421505	0.18803462	1.3e-06	0.958514693	0.200698124	9.04e-07
BMI_Yengo2018	C4_273	1.3576591	0.22061312	3.88e-10	1.418800636	0.240063898	1.75e-09
BMI_Yengo2018	C4_274	1.55300398	0.23173386	1.07e-11	1.698174028	0.247476353	3.54e-12
BMI_Yengo2018	C4_275	1.26342425	0.17104925	7.97e-14	1.27375355	0.183106759	1.82e-12
BMI_Yengo2018	C4_276	1.77605442	0.26352521	8.25e-12	1.740425656	0.293730254	1.6e-09
BMI_Yengo2018	C4_277	1.27661583	0.17874511	4.82e-13	1.416370837	0.199653836	6.82e-13
BMI_Yengo2018	C4_278	1.44692195	0.18522351	3.02e-15	1.530861582	0.199599513	9.19e-15
BMI_Yengo2018	C4_279	1.5342504	0.2273046	7.7e-12	1.677700473	0.253709949	1.96e-11
BMI_Yengo2018	C4_28	0.3435998	0.16123464	0.01655102	0.343287536	0.174723273	0.024731473
BMI_Yengo2018	C4_280	1.22502775	0.18646904	2.61e-11	1.389393215	0.198413033	1.31e-12
BMI_Yengo2018	C4_281	1.33255508	0.22396941	1.38e-09	1.613546621	0.242085256	1.37e-11
BMI_Yengo2018	C4_282	1.56775552	0.19837196	1.46e-15	1.726950347	0.226457552	1.29e-14
BMI_Yengo2018	C4_283	1.276944	0.17829736	4.18e-13	1.310660342	0.204386305	7.38e-11
BMI_Yengo2018	C4_284	1.28160697	0.18771408	4.5e-12	1.339116068	0.213149466	1.71e-10
BMI_Yengo2018	C4_285	1.54030229	0.2467716	2.23e-10	1.656223317	0.276081798	1.02e-09
BMI_Yengo2018	C4_286	1.20537785	0.16207205	5.44e-14	1.324736817	0.17100651	5.04e-15
BMI_Yengo2018	C4_287	1.76063223	0.2106539	3.49e-17	1.92736758	0.227249214	1.22e-17
BMI_Yengo2018	C4_288	1.37778359	0.15561973	4.74e-19	1.426227806	0.169127001	1.85e-17
BMI_Yengo2018	C4_289	1.35434161	0.2283264	1.54e-09	1.421952241	0.246985905	4.37e-09
BMI_Yengo2018	C4_29	1.03412357	0.17483446	1.7e-09	0.982613883	0.183036221	4.04e-08
BMI_Yengo2018	C4_290	1.51132138	0.18719895	3.7e-16	1.397461407	0.214573199	3.82e-11
BMI_Yengo2018	C4_291	1.43387525	0.18913533	1.82e-14	1.397014875	0.206611565	7.1e-12
BMI_Yengo2018	C4_292	1.47066596	0.19102023	7.31e-15	1.514752236	0.209550238	2.57e-13
BMI_Yengo2018	C4_293	1.59168529	0.23496312	6.5e-12	1.467495781	0.279685452	7.84e-08
BMI_Yengo2018	C4_294	1.23388388	0.2334014	6.33e-08	1.509199862	0.258020936	2.53e-09
BMI_Yengo2018	C4_295	1.67606495	0.20653288	2.62e-16	1.678935079	0.243358962	2.73e-12
BMI_Yengo2018	C4_296	1.53361674	0.18791823	1.8e-16	1.482569599	0.21224031	1.49e-12
BMI_Yengo2018	C4_297	1.74504553	0.214009	1.91e-16	1.72424041	0.257909648	1.19e-11
BMI_Yengo2018	C4_298	1.64731041	0.22028243	3.99e-14	1.805339869	0.277459007	3.97e-11
BMI_Yengo2018	C4_299	0.40298461	0.15798128	0.00537849	0.566067899	0.170550085	0.00045274
BMI_Yengo2018	C4_3	0.3716805	0.16982101	0.01431901	0.481132097	0.197210862	0.007356232
BMI_Yengo2018	C4_30	0.56429743	0.16591684	0.00033653	0.522752122	0.175408409	0.001442777
BMI_Yengo2018	C4_300	1.18623841	0.18027935	2.44e-11	1.091974703	0.197641353	1.68e-08
BMI_Yengo2018	C4_301	0.83545012	0.17777712	1.32e-06	0.94874917	0.187744304	2.2e-07
BMI_Yengo2018	C4_302	1.34996934	0.21215272	1.02e-10	1.263796547	0.234354421	3.53e-08
BMI_Yengo2018	C4_303	0.5491285	0.21323211	0.0050133	0.798775964	0.225610864	0.000200331
BMI_Yengo2018	C4_304	0.34130352	0.18793294	0.03468882	0.39554719	0.204018632	0.026274123
BMI_Yengo2018	C4_305	0.88038958	0.22583582	4.86e-05	1.047128694	0.248444591	1.26e-05
BMI_Yengo2018	C4_306	0.6111806	0.18741254	0.00055613	0.657603064	0.203620542	0.000621353
BMI_Yengo2018	C4_307	0.55992094	0.1739696	0.00064579	0.595328647	0.1939579	0.001074605
BMI_Yengo2018	C4_308	0.578908	0.19687859	0.00164146	0.540345036	0.219638345	0.006949791
BMI_Yengo2018	C4_309	0.36390213	0.18309123	0.02344072	0.52949061	0.204804863	0.004869132
BMI_Yengo2018	C4_31	0.7612191	0.20914465	0.00013698	0.93168356	0.228312698	2.26e-05
BMI_Yengo2018	C4_310	0.5613156	0.22164505	0.00566807	0.838893582	0.25634052	0.000534154
BMI_Yengo2018	C4_311	1.11662243	0.27737845	2.86e-05	1.219962236	0.335515578	0.000138905
BMI_Yengo2018	C4_312	0.54027916	0.13776869	4.42e-05	0.656754871	0.152996244	8.89e-06
BMI_Yengo2018	C4_313	0.68710975	0.16872208	2.34e-05	0.854760773	0.183061517	1.53e-06
BMI_Yengo2018	C4_314	0.87429921	0.14231953	4.15e-10	0.974508677	0.16653658	2.49e-09
BMI_Yengo2018	C4_315	1.06923706	0.16536041	5.2e-11	1.162370142	0.19264355	8.21e-10
BMI_Yengo2018	C4_316	1.26272441	0.17247761	1.3e-13	1.305140897	0.181006329	2.93e-13
BMI_Yengo2018	C4_317	1.39151689	0.16689195	4.13e-17	1.385132598	0.183373085	2.25e-14
BMI_Yengo2018	C4_318	1.22595258	0.15515249	1.48e-15	1.256190051	0.161652774	4.17e-15
BMI_Yengo2018	C4_319	1.74184826	0.22146772	1.98e-15	1.809468541	0.242613814	4.64e-14
BMI_Yengo2018	C4_32	0.46938954	0.20036486	0.00958002	0.42234786	0.218097041	0.026412476
BMI_Yengo2018	C4_320	1.37864874	0.20616469	1.18e-11	1.502662945	0.240442765	2.12e-10
BMI_Yengo2018	C4_321	1.4572662	0.23719241	4.14e-10	1.452200057	0.273928761	5.83e-08
BMI_Yengo2018	C4_322	1.31340768	0.29331949	3.8e-06	1.528101162	0.363183079	1.3e-05
BMI_Yengo2018	C4_323	1.57203117	0.22119972	6.22e-13	1.423595026	0.255189851	1.23e-08
BMI_Yengo2018	C4_324	1.26925199	0.18468167	3.28e-12	1.212546605	0.205495601	1.85e-09
BMI_Yengo2018	C4_325	1.050152	0.21811097	7.45e-07	1.059026212	0.250764919	1.21e-05
BMI_Yengo2018	C4_326	1.25115749	0.16540801	2.07e-14	1.317457821	0.176998758	5.2e-14
BMI_Yengo2018	C4_327	0.88591995	0.25744645	0.00029044	1.413422151	0.315778929	3.83e-06
BMI_Yengo2018	C4_328	1.08489508	0.1647582	2.36e-11	1.120720015	0.171658936	3.43e-11
BMI_Yengo2018	C4_329	0.98359873	0.19701911	3.02e-07	1.160257313	0.218467522	5.54e-08
BMI_Yengo2018	C4_33	0.39040918	0.16610491	0.0093841	0.497454079	0.193281278	0.005035516
BMI_Yengo2018	C4_330	1.30487679	0.19595013	1.43e-11	1.090558555	0.241643413	3.22e-06
BMI_Yengo2018	C4_331	0.73403032	0.17939827	2.15e-05	0.770299484	0.209692376	0.000120084
BMI_Yengo2018	C4_332	1.49397964	0.18138707	9.65e-17	1.478409933	0.197526173	3.8e-14
BMI_Yengo2018	C4_333	1.90306324	0.20633554	1.65e-20	1.966742073	0.23514815	3.32e-17
BMI_Yengo2018	C4_334	1.40386877	0.15843914	4.45e-19	1.382808663	0.172752118	6.46e-16
BMI_Yengo2018	C4_335	1.39863434	0.15886272	7.36e-19	1.412529626	0.172695839	1.55e-16
BMI_Yengo2018	C4_336	1.3077905	0.18950023	2.69e-12	1.233181795	0.209273221	1.94e-09
BMI_Yengo2018	C4_337	1.58979945	0.18747215	1.24e-17	1.757314797	0.207413019	1.32e-17
BMI_Yengo2018	C4_338	1.16614821	0.15194278	8.82e-15	1.506125264	0.171261852	8.03e-19
BMI_Yengo2018	C4_339	1.49535417	0.18385173	2.26e-16	1.460341316	0.20881761	1.4e-12
BMI_Yengo2018	C4_34	0.49983987	0.17250139	0.00188307	0.652174251	0.190744076	0.000315032
BMI_Yengo2018	C4_340	1.50722818	0.21369885	9.16e-13	1.423413993	0.24510346	3.24e-09
BMI_Yengo2018	C4_341	1.32937294	0.1990557	1.25e-11	1.396841547	0.223583422	2.15e-10
BMI_Yengo2018	C4_342	2.14472486	0.2684583	7.33e-16	2.466018831	0.333209249	7.15e-14
BMI_Yengo2018	C4_343	1.012266	0.14774351	3.81e-12	1.059337063	0.161944504	3.15e-11
BMI_Yengo2018	C4_344	1.01199763	0.18576891	2.6e-08	1.229896262	0.207256866	1.51e-09
BMI_Yengo2018	C4_345	1.10449122	0.14202451	3.98e-15	1.042820294	0.157232281	1.71e-11
BMI_Yengo2018	C4_346	1.49177689	0.23413122	9.65e-11	1.5626514	0.256376302	5.61e-10
BMI_Yengo2018	C4_347	1.0781421	0.14737114	1.35e-13	1.114089677	0.159299966	1.4e-12
BMI_Yengo2018	C4_348	1.04231832	0.18929584	1.86e-08	1.257231056	0.208985331	9.17e-10
BMI_Yengo2018	C4_349	0.79855622	0.18543604	8.35e-06	1.059874503	0.202120637	7.98e-08
BMI_Yengo2018	C4_35	0.40716436	0.17179555	0.00889954	0.452746462	0.187115127	0.007774816
BMI_Yengo2018	C4_350	1.05657329	0.17473473	7.58e-10	1.271555809	0.190546025	1.3e-11
BMI_Yengo2018	C4_351	0.75128652	0.17027699	5.16e-06	0.932184793	0.181646273	1.45e-07
BMI_Yengo2018	C4_352	0.88778668	0.15651387	7.19e-09	0.949783553	0.17016945	1.22e-08
BMI_Yengo2018	C4_353	0.99278151	0.18840373	6.94e-08	1.237518133	0.211765702	2.61e-09
BMI_Yengo2018	C4_354	0.98221456	0.182567	3.78e-08	1.161110545	0.196301785	1.7e-09
BMI_Yengo2018	C4_355	0.76485676	0.17368636	5.36e-06	0.929550448	0.187404779	3.56e-07
BMI_Yengo2018	C4_356	1.41230505	0.19577692	2.86e-13	1.417732051	0.213898471	1.76e-11
BMI_Yengo2018	C4_357	0.85787077	0.19971592	8.78e-06	1.007201054	0.216740903	1.7e-06
BMI_Yengo2018	C4_358	1.63757089	0.20613611	1.05e-15	1.61390928	0.222948963	2.38e-13
BMI_Yengo2018	C4_359	1.08204184	0.1722077	1.71e-10	1.165129971	0.199020076	2.45e-09
BMI_Yengo2018	C4_36	0.56847441	0.24308701	0.00968602	0.656115109	0.266112127	0.00684594
BMI_Yengo2018	C4_360	0.71750395	0.14387556	3.1e-07	0.696650215	0.158321476	5.45e-06
BMI_Yengo2018	C4_361	1.04723973	0.18168105	4.19e-09	1.158342966	0.199765928	3.42e-09
BMI_Yengo2018	C4_362	1.58733054	0.21816919	1.81e-13	1.315270582	0.258884302	1.91e-07
BMI_Yengo2018	C4_363	1.08915771	0.21938435	3.48e-07	1.31867712	0.259679441	1.93e-07
BMI_Yengo2018	C4_364	1.08891819	0.19091625	5.98e-09	1.296517035	0.222505955	2.89e-09
BMI_Yengo2018	C4_365	1.57970018	0.23597211	1.12e-11	1.525441818	0.294750369	1.15e-07
BMI_Yengo2018	C4_366	0.68063843	0.18932287	0.00016268	0.954494136	0.222469664	8.98e-06
BMI_Yengo2018	C4_367	0.91502397	0.18476211	3.71e-07	1.062154535	0.217109941	5.04e-07
BMI_Yengo2018	C4_368	1.78448573	0.2340164	1.29e-14	1.435736533	0.27747403	1.16e-07
BMI_Yengo2018	C4_369	1.06586827	0.21404242	3.22e-07	1.129001237	0.233628496	6.81e-07
BMI_Yengo2018	C4_37	0.4012531	0.16308923	0.00694649	0.456666878	0.174546622	0.004449155
BMI_Yengo2018	C4_370	0.6444465	0.17068901	8.02e-05	0.648397978	0.187626901	0.000275162
BMI_Yengo2018	C4_371	0.45463941	0.203499	0.01274574	0.69348318	0.22466946	0.001013997
BMI_Yengo2018	C4_372	0.70653782	0.16137854	6.03e-06	0.571690135	0.198703902	0.002009804
BMI_Yengo2018	C4_373	0.92396716	0.14747849	1.92e-10	0.963230244	0.154782903	2.51e-10
BMI_Yengo2018	C4_374	0.25771043	0.1714424	0.06640637	0.448620858	0.185328422	0.007752069
BMI_Yengo2018	C4_375	0.19489598	0.16568301	0.11974383	0.290091256	0.174847405	0.048557917
BMI_Yengo2018	C4_376	0.44256642	0.17350653	0.00538032	0.573253115	0.186144241	0.00103834
BMI_Yengo2018	C4_377	0.34658982	0.18220423	0.02858243	0.591823081	0.200723332	0.001599488
BMI_Yengo2018	C4_378	0.43869627	0.24371509	0.03593813	0.77768317	0.269237404	0.001938596
BMI_Yengo2018	C4_379	0.09981679	0.22163441	0.32622646	0.349977128	0.243219017	0.075095204
BMI_Yengo2018	C4_38	0.90379893	0.19419025	1.64e-06	0.793010527	0.212602653	9.61e-05
BMI_Yengo2018	C4_380	0.49220273	0.1913515	0.00505719	0.701841095	0.213756633	0.000514137
BMI_Yengo2018	C4_381	0.76820257	0.17164716	3.84e-06	0.75064111	0.185139961	2.53e-05
BMI_Yengo2018	C4_382	0.55222843	0.18363477	0.00132063	0.562669718	0.19411739	0.001877043
BMI_Yengo2018	C4_383	-0.057625	0.1686976	0.63366688	0.218660309	0.181434204	0.114077701
BMI_Yengo2018	C4_384	0.80858701	0.22894136	0.00020699	0.989845406	0.249110885	3.56e-05
BMI_Yengo2018	C4_385	0.13651833	0.18619386	0.23172275	0.339212529	0.203521257	0.047796442
BMI_Yengo2018	C4_386	-0.1635211	0.20455069	0.78796861	0.100391599	0.228379571	0.330123254
BMI_Yengo2018	C4_387	-0.3800673	0.15858877	0.99171856	-0.226693948	0.166752449	0.912989243
BMI_Yengo2018	C4_388	-0.4295092	0.18787454	0.98886979	-0.211638893	0.199646657	0.85543386
BMI_Yengo2018	C4_389	-0.009523	0.14920403	0.52544499	0.06477694	0.157518859	0.340454025
BMI_Yengo2018	C4_39	0.49250918	0.15095735	0.00055335	0.527990612	0.159373576	0.000462821
BMI_Yengo2018	C4_390	0.2196479	0.16210156	0.08771943	0.265709178	0.177988169	0.067749839
BMI_Yengo2018	C4_391	-0.2145678	0.1545484	0.91747419	-0.100894486	0.167982272	0.725950509
BMI_Yengo2018	C4_392	1.44205428	0.19892633	2.21e-13	1.404559152	0.224864628	2.16e-10
BMI_Yengo2018	C4_393	0.51745165	0.17726603	0.00175819	0.528793941	0.187590915	0.002413053
BMI_Yengo2018	C4_394	0.8318118	0.18303918	2.78e-06	0.954812823	0.195168008	5.04e-07
BMI_Yengo2018	C4_395	0.37603965	0.18462678	0.02084666	0.52238538	0.203240556	0.005085924
BMI_Yengo2018	C4_396	0.52836746	0.25398499	0.01875764	0.721440865	0.292558523	0.006838069
BMI_Yengo2018	C4_397	0.28667682	0.23237692	0.108673	0.566317348	0.255456196	0.013323437
BMI_Yengo2018	C4_398	0.17821061	0.22482767	0.21399636	0.352682096	0.252371824	0.081147193
BMI_Yengo2018	C4_399	0.28133248	0.19573154	0.0753221	0.601384479	0.217612636	0.00286251
BMI_Yengo2018	C4_4	0.22495813	0.15903372	0.07861415	0.270644323	0.167033014	0.052594722
BMI_Yengo2018	C4_40	0.52417326	0.16128378	0.00057838	0.590598488	0.180394661	0.000531612
BMI_Yengo2018	C4_400	0.49556628	0.23374605	0.01700735	0.652430164	0.261525622	0.006308753
BMI_Yengo2018	C4_401	-0.1384164	0.22656806	0.72937093	0.147669277	0.247557267	0.275423607
BMI_Yengo2018	C4_402	0.15996668	0.12771545	0.10519994	0.158196977	0.134826214	0.120339748
BMI_Yengo2018	C4_403	0.16493639	0.15993165	0.15121063	0.248848614	0.17286443	0.075007232
BMI_Yengo2018	C4_404	0.13402762	0.16750968	0.21182781	0.127273473	0.175719714	0.234447394
BMI_Yengo2018	C4_405	0.13505613	0.17801353	0.224027	0.216915714	0.189636118	0.126352227
BMI_Yengo2018	C4_406	-0.0851586	0.17766738	0.68413898	0.050177719	0.189322447	0.395491891
BMI_Yengo2018	C4_407	0.47762642	0.1242836	6.1e-05	0.548427899	0.131055509	1.44e-05
BMI_Yengo2018	C4_408	0.31182299	0.14591312	0.01630579	0.367880727	0.152498519	0.007931287
BMI_Yengo2018	C4_409	0.31107975	0.14486579	0.01589067	0.432912259	0.152563594	0.002276076
BMI_Yengo2018	C4_41	0.2483955	0.18563091	0.09044034	0.390698693	0.21308351	0.033371225
BMI_Yengo2018	C4_410	0.56455717	0.17891946	0.00080317	0.719013729	0.190435505	8.01e-05
BMI_Yengo2018	C4_411	0.38365512	0.11402456	0.0003842	0.392552805	0.117709294	0.000427706
BMI_Yengo2018	C4_412	0.79029027	0.18402809	8.82e-06	0.947531913	0.199448435	1.02e-06
BMI_Yengo2018	C4_413	1.12519965	0.22846003	4.26e-07	1.262167252	0.24447009	1.23e-07
BMI_Yengo2018	C4_414	0.25819885	0.16515064	0.05898891	0.316338011	0.178146534	0.037900567
BMI_Yengo2018	C4_415	0.29571924	0.1890818	0.058923	0.49860366	0.204356911	0.007352501
BMI_Yengo2018	C4_42	0.35315826	0.14739886	0.00829551	0.465095493	0.166359343	0.002592676
BMI_Yengo2018	C4_43	0.36384929	0.16831593	0.01532893	0.35720241	0.182833212	0.025377925
BMI_Yengo2018	C4_44	0.87788233	0.17549034	2.86e-07	0.923953449	0.199239109	1.78e-06
BMI_Yengo2018	C4_45	1.02546922	0.20725634	3.8e-07	1.075908141	0.223640672	7.59e-07
BMI_Yengo2018	C4_46	1.06258253	0.26216476	2.54e-05	1.524039766	0.310239919	4.55e-07
BMI_Yengo2018	C4_47	0.60471017	0.19276837	0.00085526	0.821351359	0.223660446	0.00012063
BMI_Yengo2018	C4_48	1.29588766	0.2340792	1.57e-08	0.992623654	0.26993004	0.000118282
BMI_Yengo2018	C4_49	1.17691972	0.21980966	4.36e-08	1.171967327	0.233308257	2.57e-07
BMI_Yengo2018	C4_5	0.37232624	0.13307617	0.00257577	0.30321712	0.140085246	0.015220713
BMI_Yengo2018	C4_50	1.06692919	0.22214536	7.9e-07	1.060263089	0.245385023	7.83e-06
BMI_Yengo2018	C4_51	1.28174105	0.19065801	9.26e-12	1.306992906	0.209374833	2.22e-10
BMI_Yengo2018	C4_52	0.86336916	0.19132068	3.23e-06	0.92008008	0.206270304	4.12e-06
BMI_Yengo2018	C4_53	0.71795608	0.16188502	4.64e-06	0.840060488	0.173412381	6.42e-07
BMI_Yengo2018	C4_54	0.38378603	0.1665814	0.01062156	0.393247303	0.189361701	0.018923765
BMI_Yengo2018	C4_55	0.38075736	0.208229	0.03374408	0.283104369	0.240739819	0.119812138
BMI_Yengo2018	C4_56	0.32745439	0.17834731	0.03318581	0.367029381	0.208250073	0.039007952
BMI_Yengo2018	C4_57	0.74486648	0.23594846	0.00079896	0.898283663	0.285832408	0.000838752
BMI_Yengo2018	C4_58	0.72916733	0.20443132	0.00018128	0.868135034	0.226176316	6.22e-05
BMI_Yengo2018	C4_59	0.31707154	0.17592046	0.03575535	0.326912713	0.197379486	0.048845304
BMI_Yengo2018	C4_6	0.71341665	0.17327996	1.93e-05	0.644466875	0.183443664	0.000222104
BMI_Yengo2018	C4_60	0.81747573	0.18718851	6.34e-06	0.83615453	0.208501906	3.05e-05
BMI_Yengo2018	C4_61	0.68227976	0.17260333	3.88e-05	0.683063651	0.187606303	0.000136311
BMI_Yengo2018	C4_62	1.50723936	0.18838434	6.66e-16	1.414452091	0.216669484	3.44e-11
BMI_Yengo2018	C4_63	1.15724695	0.21235801	2.57e-08	1.199417868	0.246658651	5.85e-07
BMI_Yengo2018	C4_64	1.21272296	0.22391674	3.1e-08	0.980440548	0.262792191	9.58e-05
BMI_Yengo2018	C4_65	1.49236718	0.22908791	3.77e-11	1.771225935	0.269629015	2.62e-11
BMI_Yengo2018	C4_66	1.00017939	0.19136152	8.75e-08	1.238487834	0.209240983	1.66e-09
BMI_Yengo2018	C4_67	1.08888392	0.1908822	5.95e-09	1.09499573	0.207407234	6.58e-08
BMI_Yengo2018	C4_68	1.35939907	0.21660825	1.79e-10	1.355692978	0.237139216	5.54e-09
BMI_Yengo2018	C4_69	1.45838932	0.1866744	3e-15	1.392738497	0.211474017	2.34e-11
BMI_Yengo2018	C4_7	0.2774202	0.14937873	0.03165469	0.375289953	0.184605255	0.02103911
BMI_Yengo2018	C4_70	0.93783318	0.19669219	9.4e-07	0.828842483	0.222088517	9.53e-05
BMI_Yengo2018	C4_71	1.04784049	0.17301217	7.14e-10	1.104720903	0.183070004	8.18e-10
BMI_Yengo2018	C4_72	1.52912426	0.18492158	7.36e-17	1.564395286	0.211246555	6.9e-14
BMI_Yengo2018	C4_73	1.25064184	0.17926663	1.58e-12	1.340570278	0.193513302	2.23e-12
BMI_Yengo2018	C4_74	1.32288857	0.17785176	5.4e-14	1.32665165	0.192017673	2.55e-12
BMI_Yengo2018	C4_75	1.6736622	0.22279214	3.08e-14	1.736547389	0.246148493	9.04e-13
BMI_Yengo2018	C4_76	1.3654189	0.1781433	9.55e-15	1.356652381	0.184655892	1.07e-13
BMI_Yengo2018	C4_77	2.1091277	0.19849538	1.43e-26	1.768076173	0.22831433	5.14e-15
BMI_Yengo2018	C4_78	1.8708202	0.25055333	4.35e-14	1.637165743	0.290245932	8.64e-09
BMI_Yengo2018	C4_79	1.52753088	0.27338814	1.17e-08	1.560121007	0.313045288	3.16e-07
BMI_Yengo2018	C4_8	0.06971136	0.15728661	0.32880951	0.027040242	0.179996843	0.44029416
BMI_Yengo2018	C4_80	2.41466062	0.26460361	4.05e-20	2.116330259	0.320711655	2.15e-11
BMI_Yengo2018	C4_81	0.92791923	0.18970353	5.06e-07	0.903893313	0.217218423	1.59e-05
BMI_Yengo2018	C4_82	1.57911801	0.20180282	2.72e-15	1.416585816	0.220490287	6.82e-11
BMI_Yengo2018	C4_83	1.52540487	0.18103602	1.96e-17	1.350334233	0.192276412	1.14e-12
BMI_Yengo2018	C4_84	1.52471067	0.2027211	2.88e-14	1.383151892	0.215988634	7.82e-11
BMI_Yengo2018	C4_85	1.47701989	0.2064042	4.36e-13	1.436494638	0.235629745	5.57e-10
BMI_Yengo2018	C4_86	1.61774699	0.22477172	3.23e-13	1.506268085	0.234751015	7.2e-11
BMI_Yengo2018	C4_87	1.74271478	0.21137191	9e-17	1.547462229	0.243542547	1.08e-10
BMI_Yengo2018	C4_88	1.40011359	0.21401453	3.14e-11	1.373965378	0.250120456	2.01e-08
BMI_Yengo2018	C4_89	0.79680438	0.16158192	4.13e-07	0.731670373	0.169675795	8.14e-06
BMI_Yengo2018	C4_9	0.12765651	0.162934	0.21667752	0.101819643	0.187103104	0.293159692
BMI_Yengo2018	C4_90	1.474896	0.24757711	1.31e-09	1.621452561	0.291318494	1.33e-08
BMI_Yengo2018	C4_91	1.89233224	0.24893822	1.56e-14	2.336091059	0.319466338	1.38e-13
BMI_Yengo2018	C4_92	1.93800759	0.2456905	1.65e-15	1.842721241	0.286530579	6.54e-11
BMI_Yengo2018	C4_93	1.69050173	0.20344145	5.24e-17	1.666119562	0.23644571	9.6e-13
BMI_Yengo2018	C4_94	1.77971056	0.19716547	1e-19	1.605869144	0.230311117	1.63e-12
BMI_Yengo2018	C4_95	1.75503097	0.24467104	3.85e-13	1.822661487	0.284812281	8.04e-11
BMI_Yengo2018	C4_96	1.86383565	0.21731505	5.39e-18	1.74725143	0.246429655	7.01e-13
BMI_Yengo2018	C4_97	2.11173112	0.25854575	1.7e-16	1.922195825	0.317877712	7.57e-10
BMI_Yengo2018	C4_98	1.75547473	0.20842109	2.02e-17	1.91450636	0.255205277	3.34e-14
BMI_Yengo2018	C4_99	2.22694174	0.25773044	3.1e-18	2.05003735	0.317125137	5.25e-11
