Tadross_cluster	Herb_cluster	ncells_C_total	ncells_C_siletti	Percentage_H_Cluster
C2-10	2	9006	1299	58.51
C2-10	46	9006	1299	35.03
C2-11	2	10593	1057	97.07
C2-12	15	3698	571	57.79
C2-13	2	694	38	86.84
C2-14	11	766	152	86.18
C2-14	42	766	152	1.32
C2-15	11	280	59	77.97
C2-16	2	927	252	96.83
C2-17	45	1222	739	80.38
C2-18	15	5594	2759	51.21
C2-18	33	5594	2759	29.9
C2-19	1	7511	4360	69.75
C2-20	4	3581	1191	49.71
C2-20	6	3581	1191	39.29
C2-21	19	5314	3241	31.66
C2-21	4	5314	3241	26.47
C2-21	38	5314	3241	23.39
C2-22	13	4454	3524	59.36
C2-22	9	4454	3524	20.6
C2-23	4	1763	1350	66.96
C2-23	51	1763	1350	26.67
C2-24	1	302	182	98.9
C2-25	7	2151	486	56.79
C2-25	26	2151	486	35.39
C2-25	54	2151	486	0.82
C2-26	1	2332	720	90
C2-26	29	2332	720	4.44
C2-27	31	2979	415	48.67
C2-27	1	2979	415	45.3
C2-28	3	1050	71	52.11
C2-28	1	1050	71	36.62
C2-29	31	3331	1363	72.05
C2-30	3	4491	2700	37.78
C2-30	48	4491	2700	18.15
C2-31	8	5152	4520	63.54
C2-31	25	5152	4520	25.62
C2-31	53	5152	4520	4.14
C2-32	28	1717	1470	73.06
C2-32	49	1717	1470	21.02
C2-33	27	2319	1296	45.29
C2-33	1	2319	1296	39.58
C2-34	3	2919	1046	52.49
C2-35	3	3466	1696	57.19
C2-35	34	3466	1696	25.71
C2-36	16	4265	3048	52.62
C2-36	30	4265	3048	21.56
C2-36	52	4265	3048	11.55
C2-37	50	996	465	98.92
C2-38	44	893	714	91.18
C2-39	6	5160	2806	59.16
C2-39	43	5160	2806	25.05
C2-40	10	9009	6160	36.27
C2-40	20	9009	6160	23.13
C2-40	21	9009	6160	21.48
C2-40	32	9009	6160	13.96
C2-41	2	2516	2036	45.58
C2-41	23	2516	2036	34.53
C2-42	17	2659	1966	80.47
C2-43	47	1126	614	82.9
C2-44	18	5608	5166	29.91
C2-44	40	5608	5166	13.96
C2-45	14	5245	4087	48.54
C2-45	24	5245	4087	27.11
C2-45	36	5245	4087	16.34
C2-46	0	18381	14859	53.47
C2-46	5	18381	14859	24.51
C2-46	22	18381	14859	5.9
C2-46	41	18381	14859	5.04
C2-47	35	565	492	71.95
C2-9	2	22440	1303	98
C3-100	36	512	149	42.95
C3-101	103	789	294	34.01
C3-101	115	789	294	28.23
C3-102	36	832	597	49.41
C3-102	85	832	597	33.84
C3-103	36	475	226	62.83
C3-104	36	649	303	79.54
C3-105	69	721	276	89.49
C3-106	83	929	560	35.36
C3-106	85	929	560	34.46
C3-107	25	1324	999	89.39
C3-108	83	625	494	42.91
C3-108	103	625	494	42.71
C3-109	66	1202	915	62.08
C3-109	95	1202	915	31.04
C3-110	25	185	80	76.25
C3-111	98	687	310	99.35
C3-112	98	309	155	98.06
C3-113	89	893	714	60.5
C3-113	107	893	714	30.67
C3-114	24	1154	369	36.86
C3-114	39	1154	369	35.77
C3-115	62	2025	1529	37.93
C3-115	24	2025	1529	32.9
C3-116	24	673	196	57.65
C3-117	59	1308	712	95.51
C3-118	47	2557	1607	48.29
C3-118	64	2557	1607	38.21
C3-119	31	1394	902	74.17
C3-120	26	2141	1522	81.34
C3-121	3	1868	1235	51.42
C3-121	30	1868	1235	30.28
C3-121	104	1868	1235	14.66
C3-122	3	1049	894	88.59
C3-123	102	1348	1109	38.86
C3-123	71	1348	1109	24.89
C3-123	49	1348	1109	24.26
C3-124	11	1168	927	97.95
C3-125	7	470	253	72.33
C3-126	32	2189	1713	54.76
C3-126	63	2189	1713	37.42
C3-127	76	976	614	82.9
C3-129	57	1145	1022	64.19
C3-130	7	1521	1429	57.73
C3-130	109	1521	1429	12.04
C3-131	50	894	765	86.27
C3-132	22	2048	1950	52.1
C3-132	81	2048	1950	26.05
C3-133	43	865	741	82.05
C3-134	42	1503	1424	45.51
C3-134	55	1503	1424	38.83
C3-135	18	2327	1420	78.03
C3-136	42	550	502	31.67
C3-136	88	550	502	31.67
C3-136	55	550	502	30.48
C3-137	1	4066	3166	42.14
C3-137	23	4066	3166	28.52
C3-137	61	4066	3166	19.96
C3-138	12	1322	1233	65.77
C3-138	1	1322	1233	29.76
C3-139	0	12993	10460	21.01
C3-139	2	12993	10460	18.38
C3-139	29	12993	10460	9.89
C3-139	5	12993	10460	9.76
C3-139	56	12993	10460	7.07
C3-139	33	12993	10460	6.5
C3-139	70	12993	10460	5.53
C3-139	72	12993	10460	3.3
C3-140	94	565	492	64.84
C3-140	86	565	492	7.11
C3-22	11	1801	142	97.18
C3-23	11	1129	400	98.75
C3-25	11	2806	548	99.64
C3-26	68	4383	637	68.29
C3-26	11	4383	637	26.37
C3-27	11	3767	405	98.02
C3-28	11	856	257	75.88
C3-29	11	5477	752	96.41
C3-31	11	3715	251	98.41
C3-32	45	2086	264	51.14
C3-33	45	485	32	43.75
C3-34	75	708	97	29.9
C3-35	45	419	178	89.33
C3-36	11	694	38	86.84
C3-37	14	766	152	82.24
C3-37	101	766	152	3.95
C3-38	14	280	59	77.97
C3-39	11	777	194	96.39
C3-40	11	150	58	98.28
C3-41	91	1222	739	49.93
C3-41	105	1222	739	30.45
C3-42	54	1545	908	61.78
C3-42	100	1545	908	24.23
C3-43	45	1347	532	62.59
C3-44	37	773	456	91.23
C3-45	38	622	234	75.21
C3-46	37	947	431	89.1
C3-47	54	360	198	88.38
C3-48	38	1197	402	26.87
C3-48	80	1197	402	1.49
C3-49	38	1344	915	59.13
C3-50	10	1152	645	68.22
C3-51	27	1225	841	40.43
C3-51	4	1225	841	25.09
C3-51	97	1225	841	24.97
C3-52	4	1679	976	79.3
C3-53	51	914	581	86.06
C3-54	39	867	182	36.26
C3-55	113	861	246	53.66
C3-55	48	861	246	32.93
C3-56	41	1853	763	39.84
C3-56	44	1853	763	31.19
C3-57	44	1249	658	55.02
C3-58	34	739	467	90.79
C3-59	74	1602	833	41.06
C3-59	27	1602	833	33.49
C3-60	44	808	497	75.86
C3-61	52	916	786	92.37
C3-62	16	1550	1289	86.66
C3-63	13	1047	603	45.44
C3-63	60	1047	603	32.01
C3-64	60	723	650	65.54
C3-65	34	1134	982	41.65
C3-65	13	1134	982	40.43
C3-66	79	1331	947	48.36
C3-66	48	1331	947	35.37
C3-67	93	432	403	85.11
C3-68	4	302	182	96.7
C3-69	51	1191	286	76.57
C3-70	90	960	200	84.5
C3-70	112	960	200	2
C3-71	10	1120	286	43.36
C3-72	75	1212	434	45.16
C3-72	10	1212	434	36.41
C3-73	92	1199	251	80.08
C3-74	10	1780	164	77.44
C3-75	10	313	36	50
C3-75	118	313	36	8.33
C3-75	20	313	36	5.56
C3-77	26	731	207	52.17
C3-77	78	731	207	28.99
C3-78	92	1301	602	60.96
C3-79	87	455	177	37.85
C3-80	78	713	331	85.8
C3-81	27	131	46	80.43
C3-82	40	1077	791	45.39
C3-82	58	1077	791	31.98
C3-83	82	1608	786	61.83
C3-83	58	1608	786	30.28
C3-84	8	1417	964	40.46
C3-84	28	1417	964	33.3
C3-85	40	389	159	86.16
C3-86	6	304	241	63.07
C3-87	6	1993	1782	80.08
C3-88	9	1240	1131	81.08
C3-89	10	134	82	39.02
C3-90	15	1208	1016	97.15
C3-91	108	273	268	63.81
C3-92	19	1216	1102	95.64
C3-93	84	501	368	83.97
C3-94	46	1127	785	48.28
C3-94	28	1127	785	28.15
C3-95	28	428	354	92.94
C3-96	10	764	157	66.88
C3-97	84	1109	354	45.2
C3-98	117	357	103	52.43
C3-98	115	357	103	26.21
C3-99	8	941	440	66.82
C4-100	24	318	210	90.95
C4-101	24	218	141	70.21
C4-102	24	247	79	60.76
C4-103	24	221	113	62.83
C4-104	10	351	247	73.28
C4-105	266	491	327	70.95
C4-106	73	383	267	70.04
C4-107	11	287	192	59.9
C4-108	73	350	182	60.44
C4-109	73	275	166	84.34
C4-109	354	275	166	8.43
C4-11	19	116	37	91.89
C4-110	115	322	196	40.82
C4-110	11	322	196	40.31
C4-111	72	144	86	31.4
C4-111	73	144	86	30.23
C4-112	73	301	154	39.61
C4-112	115	301	154	25.32
C4-113	102	204	149	77.18
C4-114	102	177	111	73.87
C4-115	102	533	321	89.41
C4-116	440	265	54	40.74
C4-116	349	265	54	5.56
C4-117	268	223	43	23.26
C4-118	268	232	49	28.57
C4-118	397	232	49	26.53
C4-119	440	147	36	88.89
C4-12	19	260	37	100
C4-120	343	372	118	82.2
C4-121	343	202	47	72.34
C4-122	402	287	81	66.67
C4-123	175	271	102	31.37
C4-124	229	295	100	56
C4-125	67	228	77	36.36
C4-126	348	242	75	33.33
C4-126	57	242	75	33.33
C4-127	9	271	122	22.95
C4-127	475	271	122	14.75
C4-128	9	443	241	64.32
C4-128	529	443	241	12.86
C4-129	229	103	46	52.17
C4-13	19	2409	423	99.53
C4-130	57	306	183	60.11
C4-131	67	184	63	42.86
C4-132	348	186	109	33.03
C4-133	38	279	154	71.43
C4-134	67	294	149	69.8
C4-135	248	418	184	52.17
C4-135	45	418	184	29.89
C4-135	466	418	184	9.78
C4-136	45	321	283	54.77
C4-137	24	253	119	19.33
C4-138	180	429	211	67.77
C4-139	135	401	266	64.29
C4-14	19	397	125	100
C4-140	403	131	65	35.38
C4-141	490	388	172	36.05
C4-141	38	388	172	31.4
C4-142	85	200	98	29.59
C4-143	85	292	206	73.3
C4-144	85	148	47	34.04
C4-144	341	148	47	19.15
C4-145	485	168	146	21.23
C4-146	91	463	405	78.02
C4-147	209	217	177	71.19
C4-148	79	236	204	65.69
C4-149	206	296	253	32.02
C4-149	231	296	253	27.67
C4-149	408	296	253	10.28
C4-15	49	1421	88	36.36
C4-15	50	1421	88	30.68
C4-150	68	1254	1036	35.23
C4-150	97	1254	1036	26.35
C4-150	143	1254	1036	17.86
C4-151	132	316	194	18.04
C4-152	14	361	217	81.11
C4-153	283	272	148	33.11
C4-154	283	98	44	47.73
C4-155	36	80	77	62.34
C4-155	335	80	77	11.69
C4-156	122	504	441	42.63
C4-156	132	504	441	36.28
C4-157	206	139	132	26.52
C4-158	190	536	481	37.01
C4-158	204	536	481	20.17
C4-158	423	536	481	16.84
C4-159	307	135	117	64.1
C4-16	306	390	82	34.15
C4-16	50	390	82	26.83
C4-160	289	276	257	45.91
C4-160	319	276	257	34.63
C4-161	417	187	127	56.69
C4-161	374	187	127	13.39
C4-162	139	491	387	48.84
C4-163	42	170	104	53.85
C4-163	511	170	104	12.5
C4-164	42	454	261	57.85
C4-165	172	216	195	47.69
C4-165	369	216	195	26.67
C4-166	39	432	403	54.84
C4-166	366	432	403	30.27
C4-167	224	302	182	75.82
C4-168	22	751	161	85.09
C4-169	22	440	125	51.2
C4-169	325	440	125	38.4
C4-17	50	314	58	94.83
C4-170	197	536	68	92.65
C4-171	197	239	72	73.61
C4-172	197	185	60	88.33
C4-172	269	185	60	6.67
C4-173	24	269	72	65.28
C4-174	24	164	40	60
C4-175	24	447	110	41.82
C4-175	0	447	110	26.36
C4-177	510	154	60	55
C4-178	96	296	136	79.41
C4-179	96	263	103	57.28
C4-18	50	432	63	41.27
C4-18	49	432	63	39.68
C4-180	24	266	100	93
C4-181	24	144	45	51.11
C4-182	24	243	50	62
C4-183	471	218	55	41.82
C4-183	220	218	55	29.09
C4-184	220	227	41	90.24
C4-185	24	254	15	66.67
C4-186	471	190	42	50
C4-186	24	190	42	30.95
C4-187	220	310	98	76.53
C4-189	24	150	28	64.29
C4-19	49	323	92	69.57
C4-190	24	235	14	100
C4-191	24	438	71	80.28
C4-192	24	444	23	73.91
C4-192	86	444	23	13.04
C4-193	24	126	12	100
C4-194	24	313	36	50
C4-194	496	313	36	8.33
C4-196	174	269	34	47.06
C4-197	431	107	40	40
C4-197	78	107	40	27.5
C4-198	174	223	86	79.07
C4-199	174	132	47	29.79
C4-20	19	216	61	65.57
C4-20	49	216	61	26.23
C4-200	405	351	167	53.89
C4-201	17	161	57	52.63
C4-202	17	139	64	37.5
C4-202	220	139	64	32.81
C4-203	17	303	171	87.13
C4-204	197	147	51	54.9
C4-204	17	147	51	39.22
C4-205	17	123	47	57.45
C4-205	434	123	47	12.77
C4-206	532	77	45	80
C4-207	268	205	76	47.37
C4-207	445	205	76	32.89
C4-208	445	250	101	34.65
C4-209	78	333	168	39.88
C4-209	394	333	168	32.74
C4-21	50	231	68	73.53
C4-210	78	380	163	66.26
C4-211	72	131	46	45.65
C4-211	266	131	46	30.43
C4-212	107	198	153	24.84
C4-212	426	198	153	9.8
C4-213	154	300	233	31.76
C4-214	154	148	32	34.38
C4-214	415	148	32	6.25
C4-215	16	280	237	81.01
C4-216	107	151	136	79.41
C4-217	292	244	137	48.18
C4-218	33	261	121	77.69
C4-219	33	165	80	93.75
C4-220	33	371	214	88.79
C4-221	33	333	122	85.25
C4-222	261	234	112	45.54
C4-223	74	167	118	66.1
C4-224	74	247	127	65.35
C4-225	189	271	207	51.69
C4-226	257	95	70	25.71
C4-227	74	179	149	77.18
C4-228	74	237	121	64.46
C4-229	322	221	172	26.16
C4-229	451	221	172	25
C4-23	19	268	67	79.1
C4-230	56	320	125	60.8
C4-230	154	320	125	28.8
C4-231	107	69	34	32.35
C4-232	24	127	81	34.57
C4-232	74	127	81	25.93
C4-233	59	177	160	84.38
C4-234	7	774	728	25.96
C4-234	251	774	728	16.21
C4-234	118	774	728	14.42
C4-234	494	774	728	7.97
C4-235	1	793	716	26.12
C4-235	340	793	716	7.82
C4-236	1	274	215	25.12
C4-236	173	274	215	19.53
C4-236	470	274	215	19.07
C4-237	1	152	123	71.54
C4-238	222	277	223	56.05
C4-239	170	320	273	43.59
C4-239	396	320	273	30.4
C4-240	8	396	388	48.45
C4-240	391	396	388	24.48
C4-241	134	247	247	42.91
C4-241	18	247	247	26.32
C4-241	8	247	247	25.91
C4-242	24	134	82	39.02
C4-243	3	292	197	62.94
C4-244	3	446	381	59.58
C4-244	338	446	381	4.46
C4-245	3	470	438	48.63
C4-245	136	470	438	34.93
C4-245	513	470	438	8.45
C4-246	125	273	268	63.81
C4-246	444	273	268	12.69
C4-247	37	376	329	65.35
C4-247	329	376	329	13.68
C4-248	331	840	773	35.06
C4-248	250	840	773	19.79
C4-248	321	840	773	14.62
C4-248	355	840	773	11.51
C4-249	287	147	104	92.31
C4-25	19	147	48	66.67
C4-250	488	229	169	42.6
C4-250	287	229	169	32.54
C4-251	419	125	95	67.37
C4-252	257	290	206	35.92
C4-252	166	290	206	30.58
C4-253	89	330	240	50.83
C4-254	455	163	114	52.63
C4-254	89	163	114	28.07
C4-255	154	344	225	25.33
C4-255	429	344	225	22.67
C4-255	98	344	225	10.22
C4-256	65	269	217	45.62
C4-256	166	269	217	29.49
C4-257	358	159	137	56.2
C4-258	24	217	126	61.9
C4-259	24	547	31	87.1
C4-259	28	547	31	9.68
C4-26	19	3003	194	98.97
C4-260	310	430	143	62.24
C4-261	537	323	96	43.75
C4-261	404	323	96	7.29
C4-262	130	266	87	54.02
C4-263	310	90	28	96.43
C4-264	386	233	47	57.45
C4-265	527	124	56	94.64
C4-266	130	215	93	58.06
C4-267	449	101	64	32.81
C4-268	130	82	47	97.87
C4-269	130	167	55	30.91
C4-27	19	120	7	100
C4-270	130	114	47	51.06
C4-271	200	98	54	31.48
C4-271	74	98	54	29.63
C4-271	130	98	54	27.78
C4-272	449	78	41	70.73
C4-273	74	86	39	35.9
C4-274	74	71	24	58.33
C4-275	243	358	100	36
C4-276	74	83	25	44
C4-277	386	221	80	91.25
C4-278	312	162	62	69.35
C4-279	386	87	28	35.71
C4-279	492	87	28	32.14
C4-279	119	87	28	25
C4-28	19	469	136	99.26
C4-280	312	219	90	47.78
C4-280	119	219	90	33.33
C4-281	74	100	34	29.41
C4-282	92	251	165	50.3
C4-283	199	206	139	94.96
C4-284	243	300	238	69.75
C4-285	410	75	55	80
C4-286	468	320	111	39.64
C4-286	381	320	111	27.93
C4-287	92	155	115	47.83
C4-287	74	155	115	26.96
C4-288	200	514	251	46.22
C4-288	460	514	251	27.09
C4-289	200	135	52	57.69
C4-29	19	175	68	92.65
C4-290	119	347	130	76.15
C4-291	492	135	69	81.16
C4-292	119	239	77	68.83
C4-293	217	209	85	61.18
C4-294	481	91	54	70.37
C4-295	518	184	104	51.92
C4-296	255	200	128	81.25
C4-297	311	168	123	88.62
C4-298	131	77	66	96.97
C4-299	232	528	457	69.58
C4-30	19	397	151	80.13
C4-300	273	282	146	65.75
C4-301	43	221	171	73.1
C4-302	232	181	126	36.51
C4-302	273	181	126	26.98
C4-303	273	112	99	67.68
C4-304	151	270	224	65.18
C4-305	151	79	58	31.03
C4-305	74	79	58	27.59
C4-306	353	276	212	43.87
C4-307	244	522	398	36.18
C4-307	443	522	398	19.35
C4-307	472	522	398	13.57
C4-308	84	348	267	70.79
C4-308	521	348	267	11.61
C4-309	361	332	250	46.8
C4-309	131	332	250	41.6
C4-31	19	320	71	54.93
C4-310	520	121	67	65.67
C4-311	273	64	13	61.54
C4-312	160	687	310	99.35
C4-313	160	309	155	98.06
C4-314	6	613	486	75.72
C4-314	509	613	486	11.93
C4-315	63	280	228	93.86
C4-316	74	263	96	30.21
C4-316	303	263	96	18.75
C4-317	298	503	169	39.05
C4-317	175	503	169	33.14
C4-318	126	328	76	56.58
C4-319	316	60	28	42.86
C4-32	19	139	35	100
C4-320	58	509	394	32.23
C4-321	29	492	360	63.89
C4-321	480	492	360	15.56
C4-322	16	85	58	20.69
C4-323	316	299	172	23.84
C4-324	368	392	315	31.43
C4-324	313	392	315	29.84
C4-325	304	248	230	27.83
C4-326	58	390	128	28.91
C4-326	129	390	128	20.31
C4-327	123	97	34	20.59
C4-328	126	186	34	35.29
C4-328	74	186	34	26.47
C4-329	5	218	128	86.72
C4-33	19	3850	383	99.74
C4-330	5	665	372	96.24
C4-331	5	425	212	99.53
C4-332	20	300	218	62.84
C4-333	534	333	152	23.03
C4-334	55	611	348	44.54
C4-334	218	611	348	37.64
C4-335	23	463	328	64.02
C4-336	20	262	190	48.42
C4-337	412	214	129	34.88
C4-337	219	214	129	26.36
C4-338	161	374	242	57.44
C4-338	219	374	242	28.1
C4-339	76	529	348	49.43
C4-339	428	529	348	22.99
C4-34	19	295	61	98.36
C4-340	36	357	265	48.3
C4-341	100	413	243	81.89
C4-342	100	95	46	67.39
C4-343	94	816	561	31.55
C4-343	54	816	561	30.84
C4-344	193	275	209	41.63
C4-345	4	939	675	40.15
C4-345	169	939	675	27.41
C4-345	301	939	675	8.44
C4-346	164	111	77	42.86
C4-346	100	111	77	40.26
C4-347	186	1145	756	22.49
C4-347	357	1145	756	15.08
C4-347	438	1145	756	10.45
C4-347	382	1145	756	7.14
C4-348	70	256	149	98.66
C4-349	308	206	125	56.8
C4-349	424	206	125	10.4
C4-35	19	355	57	96.49
C4-350	267	261	205	58.05
C4-350	326	261	205	15.12
C4-351	227	237	214	20.56
C4-351	373	237	214	15.42
C4-352	64	498	396	49.49
C4-352	295	498	396	27.78
C4-353	297	149	133	69.92
C4-354	227	165	151	48.34
C4-354	539	165	151	7.28
C4-355	12	373	333	69.37
C4-356	235	217	179	54.19
C4-357	258	198	138	70.29
C4-358	146	227	150	72.67
C4-359	191	333	309	44.01
C4-359	233	333	309	31.72
C4-36	19	191	39	69.23
C4-360	19	883	664	100
C4-361	19	285	263	92.78
C4-362	36	470	253	72.33
C4-363	80	300	215	31.63
C4-364	80	429	328	72.56
C4-365	447	270	168	40.48
C4-365	60	270	168	37.5
C4-366	31	526	450	50.22
C4-366	60	526	450	31.78
C4-367	153	584	494	63.16
C4-367	437	584	494	12.75
C4-367	548	584	494	5.06
C4-368	80	80	58	75.86
C4-369	318	255	139	66.19
C4-37	19	272	103	97.09
C4-370	87	353	176	55.68
C4-370	477	353	176	33.52
C4-371	87	368	299	38.46
C4-371	337	368	299	27.09
C4-373	35	417	356	58.15
C4-373	44	417	356	32.87
C4-374	77	371	344	50.87
C4-375	128	357	322	52.48
C4-376	179	334	302	56.95
C4-376	12	334	302	29.8
C4-377	36	419	385	49.61
C4-377	12	419	385	41.3
C4-378	36	134	130	93.08
C4-379	36	192	188	57.45
C4-379	22	192	188	29.26
C4-38	19	284	78	89.74
C4-380	36	442	424	91.98
C4-381	221	359	276	42.75
C4-381	124	359	276	26.81
C4-382	124	218	186	59.14
C4-382	223	218	186	26.34
C4-383	62	317	303	57.43
C4-383	223	317	303	27.06
C4-384	544	119	104	18.27
C4-385	238	212	206	41.26
C4-385	40	212	206	29.61
C4-386	40	226	220	39.55
C4-387	108	443	430	43.72
C4-388	71	143	130	56.15
C4-389	215	302	265	64.91
C4-389	300	302	265	26.79
C4-39	19	230	31	100
C4-390	291	245	239	41.42
C4-390	262	245	239	25.52
C4-390	40	245	239	25.1
C4-391	213	358	356	48.6
C4-391	384	358	356	17.42
C4-392	105	297	260	59.62
C4-393	53	383	328	58.23
C4-394	346	185	153	67.32
C4-395	230	389	362	39.5
C4-395	286	389	362	29.01
C4-395	309	389	362	11.88
C4-396	21	111	104	48.08
C4-397	339	179	166	22.89
C4-397	454	179	166	8.43
C4-398	314	222	211	51.66
C4-398	339	222	211	29.38
C4-399	15	341	329	73.86
C4-4	19	213	77	100
C4-40	19	818	43	100
C4-400	498	136	127	38.58
C4-401	36	125	125	26.4
C4-402	240	1789	1034	36.85
C4-402	177	1789	1034	29.69
C4-402	101	1789	1034	28.43
C4-403	398	338	237	54.85
C4-404	101	200	149	32.21
C4-404	525	200	149	19.46
C4-405	387	291	258	30.62
C4-405	259	291	258	25.97
C4-405	420	291	258	18.6
C4-406	120	259	244	49.18
C4-407	158	3646	2773	24.74
C4-407	159	3646	2773	22.79
C4-407	271	3646	2773	19.33
C4-407	279	3646	2773	3.43
C4-407	127	3646	2773	2.96
C4-408	156	420	393	57.51
C4-408	377	420	393	11.2
C4-408	176	420	393	7.12
C4-408	441	420	393	3.31
C4-409	194	990	905	22.32
C4-409	214	990	905	18.34
C4-409	380	990	905	10.61
C4-409	334	990	905	9.17
C4-409	379	990	905	7.73
C4-409	395	990	905	0.88
C4-410	207	332	328	43.29
C4-410	144	332	328	40.55
C4-411	27	12736	10219	21.48
C4-411	25	12736	10219	18.82
C4-411	30	12736	10219	7.22
C4-411	26	12736	10219	5.66
C4-411	167	12736	10219	5.2
C4-411	137	12736	10219	3.78
C4-411	185	12736	10219	3.73
C4-411	2	12736	10219	3.38
C4-411	208	12736	10219	2.91
C4-411	99	12736	10219	2.06
C4-411	163	12736	10219	1.46
C4-412	293	193	184	48.91
C4-412	464	193	184	17.39
C4-412	187	193	184	11.41
C4-412	142	193	184	8.7
C4-412	517	193	184	3.26
C4-412	385	193	184	2.72
C4-412	413	193	184	1.63
C4-413	59	64	57	26.32
C4-413	401	64	57	22.81
C4-414	281	473	413	36.8
C4-414	388	473	413	25.91
C4-415	130	92	79	89.87
C4-42	19	3407	186	97.85
C4-43	19	308	65	100
C4-44	400	1913	196	35.71
C4-45	133	173	68	36.76
C4-47	260	349	26	38.46
C4-49	138	122	32	28.12
C4-49	96	122	32	28.12
C4-49	133	122	32	25
C4-5	19	895	305	99.67
C4-50	19	121	36	55.56
C4-51	138	200	21	28.57
C4-52	260	189	88	78.41
C4-53	260	230	90	80
C4-54	19	559	36	86.11
C4-56	51	527	119	83.19
C4-57	51	239	33	78.79
C4-57	109	239	33	6.06
C4-58	51	280	59	77.97
C4-59	19	390	95	100
C4-6	19	234	95	95.79
C4-60	19	387	99	92.93
C4-61	19	150	58	98.28
C4-62	332	506	369	34.15
C4-62	333	506	369	34.15
C4-63	211	378	161	86.34
C4-64	524	104	63	69.84
C4-65	436	234	146	62.33
C4-66	473	195	140	44.29
C4-66	515	195	140	37.86
C4-67	462	206	148	52.03
C4-67	502	206	148	37.16
C4-68	478	252	151	43.05
C4-68	317	252	151	31.13
C4-69	296	454	258	47.67
C4-69	461	454	258	30.23
C4-70	284	438	211	69.67
C4-71	523	222	90	50
C4-71	268	222	90	28.89
C4-72	123	326	133	74.44
C4-73	123	268	111	41.44
C4-73	516	268	111	32.43
C4-74	138	236	91	74.73
C4-75	469	151	56	73.21
C4-75	88	151	56	7.14
C4-76	138	144	51	35.29
C4-76	547	144	51	27.45
C4-77	13	452	264	69.7
C4-78	13	116	64	85.94
C4-79	538	65	34	29.41
C4-80	364	140	94	74.47
C4-81	350	458	151	68.87
C4-82	138	164	83	38.55
C4-83	47	289	131	59.54
C4-83	499	289	131	8.4
C4-84	47	248	96	77.08
C4-85	188	324	165	49.09
C4-85	47	324	165	25.45
C4-86	47	86	39	84.62
C4-87	241	360	198	62.12
C4-87	317	360	198	25.76
C4-88	72	467	104	20.19
C4-89	138	296	58	22.41
C4-90	96	196	70	24.29
C4-91	138	78	66	46.97
C4-92	138	160	104	38.46
C4-93	254	407	218	48.17
C4-94	81	328	242	47.93
C4-94	442	328	242	16.12
C4-95	138	63	44	75
C4-96	138	261	174	31.61
C4-96	81	261	174	30.46
C4-97	138	158	126	49.21
C4-98	138	127	111	72.07
C4-99	96	148	102	41.18
C4-99	24	148	102	30.39
